46
51
93
87
8
48
64
60
17
5
84
91
50
99
46
24
69
2
81
72
12
69
88
27
25
37
9
58
86
57
59
87
75
37
5
69
6
25
10
31
90
18
94
13
49
88
55
90
32
98
86
97
18
40
92
26
52
14
80
86
40
95
3
92
69
17
27
46
52
59
58
52
9
89
75
83
92
71
27
95
59
31
33
11
44
76
61
54
9
52
31
28
28
27
84
98
26
54
2
95
12
28
20
84
84
43
93
2
54
50
46
23
6
34
88
20
83
31
29
63
7
39
6
33
14
78
74
5
73
25
62
0
30
57
64
41
98
71
10
46
76
91
52
75
66
5
63
89
6
24
49
79
18
38
6
16
29
21
92
98
74
25
19
16
67
22
89
9
7
1
58
90
13
12
84
61
1
31
48
81
18
27
52
15
98
37
34
11
73
50
23
80
84
22
58
96
79
67
84
15
63
42
99
67
70
70
11
39
36
37
1
50
10
35
16
92
47
28
86
79
39
98
31
30
81
13
66
7
29
48
61
32
54
30
59
57
94
41
37
0
36
98
53
69
67
18
11
5
93
49
79
59
35
77
8
82
8
38
19
67
10
29
23
38
48
91
49
11
50
61
54
60
99
67
12
14
25
6
50
14
15
1
64
65
20
35
82
87
77
39
13
77
93
26
36
75
45
68
98
34
69
58
49
7
50
74
87
8
39
4
93
31
56
90
45
94
19
16
40
38
40
38
41
72
26
43
50
97
53
38
33
26
28
44
76
45
38
42
57
64
9
92
32
76
49
47
74
73
63
40
84
5
29
11
14
62
31
47
78
62
80
19
70
74
75
54
73
99
65
52
78
61
8
54
26
89
95
61
96
55
29
46
99
94
48
57
89
32
69
4
8
81
6
59
53
35
69
34
96
60
9
11
59
65
3
90
96
95
18
87
26
28
12
56
32
63
89
92
76
66
39
80
87
54
11
4
46
49
58
35
11
95
40
40
90
42
4
68
54
29
2
82
28
55
33
32
6
58
56
29
69
43
18
29
85
9
91
29
30
87
51
0
21
54
52
25
93
20
92
92
12
83
3
12
82
29
23
68
32
14
65
67
99
72
97
33
80
79
26
3
8
46
56
14
33
76
91
49
60
44
29
22
81
93
17
32
25
14
19
34
67
55
44
91
87
68
10
65
65
82
88
96
97
21
96
46
0
6
75
9
81
14
3
1
71
47
52
80
64
45
12
83
15
2
5
68
72
24
89
85
40
44
98
28
52
13
36
86
41
2
34
44
98
74
29
99
4
45
61
60
48
27
59
83
12
81
24
50
90
8
3
41
68
76
74
86
5
86
7
55
10
66
86
83
2
99
16
50
93
28
74
84
59
32
72
94
25
70
97
30
93
52
31
37
66
34
37
90
48
48
30
89
61
48
30
53
10
61
83
59
85
98
8
97
19
31
34
80
19
36
48
55
90
99
86
45
66
34
92
41
41
78
28
44
43
34
66
58
21
58
27
55
2
17
20
15
51
61
13
57
54
7
62
38
43
17
28
52
0
61
73
54
81
33
6
95
80
59
97
31
71
60
47
4
22
52
56
40
36
46
14
41
26
3
17
34
55
52
68
8
64
29
77
69
75
96
7
36
12
36
61
87
8
24
28
47
42
31
98
58
44
57
53
67
7
72
98
3
19
90
23
79
5
28
85
19
24
8
88
22
58
95
81
11
64
89
25
60
30
59
20
93
25
99
77
65
32
59
66
46
41
40
44
11
36
77
47
51
90
45
76
84
12
6
89
38
52
60
55
7
73
42
91
88
75
4
23
9
14
22
87
86
88
1
67
86
65
8
45
14
99
15
92
76
8
19
97
84
47
53
33
71
97
74
68
71
96
19
54
13
29
79
86
48
4
6
26
29
24
25
9
7
3
65
96
72
47
48
13
10
14
55
36
74
84
25
42
83
14
5
38
67
65
57
12
55
2
47
70
44
36
28
81
39
88
3
67
89
16
68
21
75
52
63
96
63
83
49
56
75
4
22
13
0
41
68
3
15
72
79
82
19
3
46
20
36
68
71
49
19
76
99
0
40
93
29
68
97
97
85
80
40
47
69
32
48
98
32
45
77
69
19
23
42
71
26
1
37
18
47
15
58
48
9
56
52
69
80
84
5
60
77
76
9
34
75
2
43
60
42
60
28
66
99
36
1
61
51
18
59
82
44
69
46
61
59
45
91
24
57
38
80
6
10
98
26
5
39
1
9
11
64
42
1
41
26
22
92
48
63
